9219824
9218636
9218626
9218595
9218520
9218433
9218430
9218413
9217996
9213990
9213987
9213733
9210373
9208619
9208526
9208514
9208506
9208505
9208479
9208423
9208240
9208228
9208224
9205982
9205842
9204374
9203917
9203707
9202317
9202253
9202247
9202228
9202226
9202216
9202215
9202209
9202205
9202204
9202156
9201933
9198117
9197593
9197502
9197425
9196348
9195976
9195957
9195949
9195889
9195797
9195641
9193277
9193173
9191348
9189810
9189806
9189790
9189784
9189778
9186568
9185998
9185223
9183594
9183589
9183574
9183531
9179316
9179315
9178984
9178841
9177345
9177306
9177305
9177280
9177156
9176680
9173104
9171322
9171297
9171289
9171257
9168460
9167383
9166999
9165298
9165272
9165110
9165057
9164661
9162763
9162762
9160782
9160672
9159095
9157617
9155468
9154916
9154625
9154599
9154219
9153089
9152989
9152957
9152621
9152311
9147209
9147203
9147200
9146998
9142066
9141950
9141655
9137439
9137387
9137253
9135559
9135359
9135290
9135286
9131224
9131079
9129314
9129310
9129272
9128981
9124572
9123009
9119033
9118640
9117228
9111314
9111296
9111028
9106959
9100493
9098954
9098878
9098810
9098564
9092708
9087340
9087313
9087312
9082282
9082144
9082130
9082098
9082097
9077776
9076123
9076118
9071931
9070163
9058413
9058412
9058139
9037521
9037479
9031884
9020141
9009087
9002934
